# Created by Octave 3.8.1, Fri Feb 20 21:54:11 2015 IST <pratikku@pratikku-ThinkPad-X230>
# name: a
# type: matrix
# rows: 1
# columns: 3
 1 2 3


# name: b
# type: matrix
# rows: 1
# columns: 3
 4 5 6


# name: c
# type: matrix
# rows: 1
# columns: 3
 7 8 9


